time,x,y,z,phi,theta,psi,x_velocity,y_velocity,z_velocity,phi_velocity,theta_velocity,psi_velocity,rotor_speed1,rotor_speed2,rotor_speed3,rotor_speed4
0.06,-2.529411059286851e-07,-2.8651903123549373e-08,10.004091452184575,6.283147241249752,0.00023595106758644846,0.0,-2.2149832882576767e-05,-2.965667217676887e-06,0.13637444599993206,-0.0019345975604740946,0.01082202298402601,0.0,448.12162106278987,449.00023334113183,448.1024675417615,447.94521768490523
0.12000000000000001,-8.910134921678872e-06,-1.2666338033324564e-06,10.015185016137638,1.8806294784567967e-05,0.0008874721069727087,0.0,-0.00033248180857170984,-4.075126521191249e-05,0.23339544535721785,0.006166349511312759,0.010931904998912547,0.0,435.92525670278644,435.93431528807025,435.6985659361407,436.3751894118351
0.18,-4.939075663061833e-05,-1.0284453755668905e-06,10.031806594730106,0.0010804653678722076,0.0011115999897173268,0.0,-0.0010675570803755717,0.0001269141915024457,0.32063602064935814,0.03420021446466996,-0.01730059184393591,0.0,434.201202814251,431.82656987335713,431.610652022454,433.969757961599
0.23999999999999996,-0.00013605456116615845,4.085486220463072e-05,10.056703940922839,0.0033275840756168407,0.0008269651468140182,0.0,-0.001753733066117642,0.0015173613085218858,0.5092095435223433,0.04326875550762416,0.012813053890211772,0.0,463.07664743163633,465.43909666241956,463.9626670990538,464.67458758915933
0.3,-0.0002591110330559417,0.00020221941118415312,10.088079622153595,0.005613724629205841,0.001388582724153764,0.0,-0.002409841787521883,0.004086729702284629,0.5366327812167903,0.024987430752585256,0.00136199003778359,0.0,414.0436726132635,413.03505105000073,414.2918604051604,412.6823730875013
0.36000000000000004,-0.000435006703929803,0.0005794472193054988,10.124978264794553,0.007378976594507591,0.0011757132160692407,0.0,-0.0034487149392798495,0.008668566152524346,0.693238451170215,0.03706986577595252,-0.015831548121787165,0.0,455.1255510745252,453.7476164663541,454.74568436703566,455.7125927993997
0.4200000000000001,-0.0006645521670412134,0.0012769336034214424,10.171640296122108,0.009878612485256788,8.740760791603464e-06,0.0,-0.004085301761220804,0.01484654029667746,0.8620480395714591,0.04954324637837672,-0.027898238932366926,0.0,460.01834409027174,459.0620119600183,457.4337955186105,458.4267283437505
0.48000000000000015,-0.0009046245330941971,0.002346806949513516,10.222853657296238,0.013119182589127476,6.281673775851896,0.0,-0.0037822190370478768,0.021080161069606217,0.8450738334228918,0.061706050473559135,-0.020655013439782058,0.0,397.9319942960163,398.59420216447717,398.8762958469727,399.9876261345104
0.5400000000000001,-0.0010980797104942768,0.003876614334973966,10.275098592081536,0.01648401584917103,6.280349703322942,0.0,-0.0025449985541755385,0.030251075845173968,0.8963796450456376,0.04139827651518985,-0.025054584138932558,0.0,422.4811159537873,422.10160902698186,422.4458622617756,420.6935842122529
0.6000000000000002,-0.0011774964888258284,0.006092392710077732,10.334877555328083,0.01875943399007962,6.279155572839519,0.0,5.287547650693089e-05,0.0438843940541021,1.0960767006946137,0.029868367987630817,-0.01119815743590398,0.0,467.9817234381976,469.0589304104547,468.58605290745663,467.6896027996888
0.6600000000000003,-0.0010819366767559422,0.009150305445751548,10.40519645456955,0.021112947368777668,6.278280347637345,0.0,0.0032154947445534356,0.05827529556684617,1.2477279344429968,0.053342990174093795,-0.022412702193057646,0.0,455.27146876884126,454.3734977613119,452.7252728427582,454.61061547623206
0.7200000000000003,-0.0007392519222637595,0.013277053912790136,10.491433490023109,0.02435543966554743,6.276819489348551,0.0,0.00840547704206404,0.07973432356329183,1.6263689127906051,0.05540276081994778,-0.028528763589541376,0.0,519.6772091441031,519.2483822675786,519.263501408681,519.4094363652204
0.7800000000000004,-0.00011851645928239439,0.018496394414065094,10.588790764675027,0.027553961451573628,6.274640225532952,0.0,0.012446058897170844,0.09452484027732924,1.6188752216496698,0.04875389031982315,-0.06032522896366521,0.0,405.38064646381457,402.5125107756391,404.61722341787663,404.0204109149298
0.8400000000000004,0.0008433432418598316,0.024825099466725987,10.691612151260133,0.031252205773869335,6.271150645394519,0.0,0.020022649663751654,0.11681435113599328,1.808207786798262,0.07951184348249853,-0.054148252320668146,0.0,467.4281075531814,467.90701613583,465.14121758540625,467.545898918196
0.9000000000000005,0.0022908305033363984,0.032459642207883686,10.801917277263318,0.035881028878307575,6.267959803997902,0.0,0.028535274243810624,0.138119042319869,1.8685122552922786,0.07194309496505835,-0.05131326822509505,0.0,426.78557501385643,427.025474265505,428.4241493969646,427.78512746094236
0.9600000000000005,0.0043003196707353366,0.04143675637027114,10.915179093201656,0.03985564436516942,6.264799514896506,0.0,0.03873641214274537,0.16150337442809684,1.9067969571351377,0.051300304009623064,-0.055535399312135796,0.0,420.91702859849653,420.54951280941464,421.235186101282,419.44981167367064
1.0200000000000005,0.0071603994816571105,0.052270439546026864,11.04014614153175,0.04409727780586614,6.2619477693754355,0.0,0.057013355443502625,0.20012354380490366,2.2581118913639457,0.09415962153178806,-0.035026223210705636,0.0,513.4679786596492,514.9196551724666,512.351852287305,515.392467002447
1.0800000000000005,0.010953682904149687,0.06505491847610695,11.175177857889075,0.050128031009573526,6.259465709844136,0.0,0.0696208787317178,0.22652431664777883,2.242943967295499,0.11087977218860079,-0.0587268514430824,0.0,405.282670622645,403.1456148737497,403.40819857568295,404.9248003174817
1.1400000000000006,0.01563833833422396,0.0797142861883199,11.31288266482728,0.05672010536294092,6.255865898549528,0.0,0.0868947440717771,0.2627884671950187,2.346957258481745,0.1077651763721604,-0.06266493659333928,0.0,443.15521477626726,442.82884012211946,443.99120250759904,443.7462832739471
1.2000000000000006,0.021449327214958108,0.09671737409569837,11.45732188015897,0.0647008575932757,6.25172869004307,0.0,0.10720798573367152,0.3047471280575311,2.4673640630517326,0.1603917047892447,-0.08609815773534266,0.0,449.9031393232285,447.99809864464265,447.1476313771386,451.42859777263334
1.2600000000000007,0.02851101540896587,0.1162911867190306,11.607077532983586,0.07442599104973624,6.246828031818648,0.0,0.12865832008267228,0.348627459502204,2.5242764803675537,0.16527050116096417,-0.0740511666199258,0.0,428.34630948655405,429.36381095078633,430.2497595341819,430.6885230026504
1.3200000000000007,0.03694685587935746,0.13867510169074765,11.760077574145793,0.08386385222055814,6.2421462631356786,0.0,0.15296365008037502,0.39841627818531866,2.5755075968471637,0.13234767003359305,-0.08748440435104882,0.0,429.17859267981333,428.0317403101538,429.37695656125004,426.5984555260064
1.3800000000000008,0.047069788711593126,0.1644951809559687,11.919354329179722,0.0918525558355805,6.23688502807974,0.0,0.18503393118286424,0.4630960289556237,2.733232057376416,0.13469232224936037,-0.08809577946485796,0.0,462.3154551516219,462.2612286441921,462.09726740024973,462.29761988677734
1.4400000000000008,0.059018456766865145,0.19394705453964808,12.083507627011478,0.09981959552228847,6.231373538034827,0.0,0.2137289339757099,0.5193310230775768,2.7384214561157547,0.1286694451032247,-0.10070082927586715,0.0,415.03177039235203,413.9160764470686,414.87718709895836,414.3656265985004
1.5000000000000009,0.07297906547841707,0.22727442610109336,12.251512048688378,0.10780530470517391,6.225537845559126,0.0,0.25223486177612625,0.5923692019757562,2.8612776141875873,0.14072639398801096,-0.09114832614680844,0.0,451.9263681571279,452.6877097549619,453.00089063411906,453.985181211888
1.560000000000001,0.08958211378085382,0.2655441821688553,12.430402856510323,0.11594217860913592,6.220191727309523,0.0,0.3018270007661205,0.6842274075511257,3.100934549038423,0.12269461105788879,-0.08529726712068646,0.0,488.0338743340007,488.46454430964565,489.81617297502095,488.4883211010577
1.620000000000001,0.10910917326542073,0.30918536256958856,12.620793638905269,0.12352179084389991,6.215013527962469,0.0,0.34960754383043036,0.7712270290201209,3.244847806893784,0.13274306688395107,-0.08839395388824071,0.0,463.14203303976853,462.89258131707703,460.592846748184,461.4007126103801
1.680000000000001,0.1314869673962866,0.35797794203806604,12.817916308708302,0.13183562767881618,6.210064671031418,0.0,0.3968079357601748,0.8559537720846141,3.325486686606085,0.14820239306562788,-0.07271127562762732,0.0,443.6834055048166,444.9634951442419,442.12859607815653,443.41818849683625
1.740000000000001,0.15701143522381833,0.4124162470400998,13.022782877209856,0.14018523395657212,6.205102567206827,0.0,0.45446314237995894,0.9595564241189241,3.502630493361651,0.10686833897700583,-0.13011320683613226,0.0,476.1672143917622,471.74860567940743,475.9223073229184,472.76355090589675
1.8000000000000012,0.18581274733215247,0.4726953866813729,13.234349242777792,0.1475294744217841,6.1972547001597,0.0,0.5063059429114454,1.0503555460078244,3.5492162906671196,0.14273314799445508,-0.13220179338337626,0.0,435.3856694344521,435.1947868244734,433.512821622646,436.52929561305524
1.8600000000000012,0.21824686388048936,0.539193532355327,13.452864127430788,0.15575295197868666,6.189231461644322,0.0,0.575691871610078,1.1670867056216756,3.733701788227369,0.12221429087927264,-0.13694213591918053,0.0,479.39431419322335,479.0188950267297,479.0938110564137,477.54678163028797
1.9200000000000013,0.2550887666403177,0.6129675801242581,13.68297884724488,0.16345430847853848,6.181295523691848,0.0,0.6532477592720672,1.2927752458919197,3.9357635222356118,0.13843532351973142,-0.12426173435217334,0.0,485.0301959318546,485.96706873656115,485.44405067467926,486.6731283014628
1.9800000000000013,0.2964088739025787,0.693890404734445,13.921720563915416,0.1725557280021741,6.173979558957257,0.0,0.7247894187944797,1.4054309339219868,4.021650057155216,0.16991587475167122,-0.11764409804234378,0.0,452.3170504080342,452.8365460210535,451.4487437955871,454.00237277963424
2.0400000000000014,0.34183853379090845,0.7812390223884235,14.162629278036892,0.18232654007051963,6.166526466570254,0.0,0.7901438582073946,1.5070034317156125,4.008347132635141,0.142444486057142,-0.14249618530301697,0.0,421.7619014190333,419.5942394912159,423.8947451857541,421.5533280588271
2.1000000000000014,0.391727345768926,0.8754591127155901,14.406031947341416,0.19058189074923337,6.1577490399783095,0.0,0.8736438454806981,1.634385222363963,4.1043127241328445,0.12549810793806138,-0.1552172026206391,0.0,458.9746493987843,457.94435499445075,458.10106726131795,456.76821407787565
2.1600000000000015,0.44662789370182576,0.9772060990749891,14.65373448787512,0.1975841015735087,6.149063502001109,0.0,0.9571839945925158,1.7577637586887385,4.1518607465800415,0.08639767772207078,-0.12941244167025126,0.0,443.794419115465,445.887552041977,445.09490666548965,441.89441422765634
2.2200000000000015,0.5064931911122966,1.0861658294687968,14.902730338877895,0.20243473053611805,6.140994721930827,0.0,1.0389961787976711,1.8745824602872183,4.147682949408027,0.06641768527763398,-0.1472533134741543,0.0,428.9041071104025,427.368274660235,429.3372999168399,427.6439577492169
2.2800000000000016,0.571570261504754,1.2024233843986762,15.152502131257659,0.20672245693155933,6.131628045313274,0.0,1.1310280077669608,2.000924619824079,4.177562427400088,0.08000711783217195,-0.18687255097342942,0.0,441.6714239394219,438.36630052025697,440.11303880781117,441.2404026360018
2.3400000000000016,0.6425354069390264,1.3265714982652357,15.405173301528357,0.2115113510851483,6.120752477635261,0.0,1.2354887560599628,2.1376337276314166,4.244087807344935,0.07942791497978224,-0.17191334295800054,0.0,452.37852269388304,453.55031298852873,453.7430504229264,453.7015166686257
2.4000000000000017,0.7197953881807371,1.4587623639326932,15.660683113463158,0.21586931877354498,6.110237130362702,0.0,1.340750788436311,2.2689959403261266,4.272336538120779,0.053411382737416184,-0.18294375841151428,0.0,442.28917847487793,441.34973562843294,444.28342626483186,442.1488292280857
2.4600000000000017,0.803971943440969,1.5993800730216665,15.9200582725796,0.21893837796496118,6.099095919082151,0.0,1.4661589892427251,2.418335838799679,4.372589148489285,0.046198350149054365,-0.19182043021186312,0.0,465.8772307005062,465.15071697611796,468.3520044065856,467.7921177993462
2.520000000000002,0.8960679150950843,1.749183701462204,16.186220422200105,0.22241496378806946,6.08731286831396,0.0,1.6047978717074645,2.575161118696262,4.498380087132829,0.07466982310615178,-0.20755825406640682,0.0,476.8008703474572,475.5616739968779,476.0045303613799,478.18055879908474
2.580000000000002,0.9968787334612048,1.9086060811560623,16.460528840095,0.22807560075028643,6.075104069492003,0.0,1.7567230267112954,2.73914356901206,4.6438834748495585,0.11801523293642197,-0.19637791724086678,0.0,484.28443452073054,485.087803367826,483.72788235285657,486.9874566526753
2.640000000000002,1.1074253920635184,2.078348385733013,16.745081004366966,0.2347965721110965,6.063056827271847,0.0,1.9292848080358105,2.919307924976711,4.839433636621187,0.0959876390850789,-0.21149310903482596,0.0,503.61862960758015,502.48938191190473,503.2440156670732,501.65616472524516
2.700000000000002,1.2283917974366765,2.258792161923752,17.040299875475924,0.2408167641135286,6.0504623343740604,0.0,2.1040740628976193,3.095705634809276,4.999545563593603,0.10785454425731762,-0.2069182451540886,0.0,494.7240390451152,495.02234743936924,496.26302949881733,497.14091520867186
2.760000000000002,1.359325376696803,2.4491209978728747,17.3417605151336,0.24773986639977785,6.038281978968772,0.0,2.2613825098011535,3.2489136860267744,5.048040939742584,0.12728717344270443,-0.19615839113059327,0.0,463.92110536048773,464.72675708807435,464.37320665520605,465.90637480238934
2.820000000000002,1.499677097040182,2.648501637281402,17.64506991365249,0.25493521085032356,6.026515194529347,0.0,2.417922841819161,3.3974935653612963,5.061311113799797,0.09812397051560806,-0.19602274283254975,0.0,456.11601764090534,456.0903603739096,456.5503120015921,454.22916518357164
2.880000000000002,1.6487843605029886,2.856077902969726,17.945984532292545,0.26156462396814106,6.014472878236772,0.0,2.553192720670202,3.522033842416356,4.968846042190879,0.12784449550031113,-0.21224484313081277,0.0,422.5092856245092,421.06578535853754,420.3916739364551,422.9707159037251
2.940000000000002,1.8070171028245516,3.0719732255043994,18.244156730373405,0.269053302403484,6.002025876185664,0.0,2.722175438538127,3.674819035593454,4.9692130143214825,0.1179329944208579,-0.19927700950845,0.0,454.3258835750124,455.32323803687115,454.7745204343456,453.99349542828264
3.000000000000002,1.9768980155633125,3.2983157917265196,18.546532911011674,0.2765359786380772,5.990485981752496,0.0,2.941376246128964,3.870140682433692,5.108060917861222,0.13564244636484796,-0.18118726218842157,0.0,500.14492979493946,501.42917282865153,500.1314489421068,501.43191180494
3.0600000000000023,2.157896835049485,3.5344402386833758,18.849891407629173,0.2849473705335299,5.979468281415565,0.0,3.0926709456352746,4.001088106892112,5.003458858391475,0.14800215718932744,-0.1890127259056176,0.0,423.96827456333955,423.26062597587253,425.3332820220077,426.4098301747993
3.1200000000000023,2.3489569760962032,3.7792504185078033,19.14940440410286,0.2938224544098773,5.968279523127245,0.0,3.2767435833485368,4.159635843000559,4.97925815996052,0.14774955420062447,-0.18184776892823595,0.0,453.5600726398474,454.1022798796414,454.09536605028177,454.0951094836971
3.1800000000000024,2.550510547181286,4.033031024863098,19.445220825434117,0.302761023297788,5.9577956122322,0.0,3.4423997741373715,4.3001236368931375,4.880703816654506,0.15132014762430454,-0.1633649758107867,0.0,430.5305366130207,432.06120630147353,429.3907992826828,429.7153463128148
3.2400000000000024,2.762800383157183,4.295909897350033,19.736872656988364,0.3113559220608373,5.947535561089813,0.0,3.6345091214457135,4.462851285914608,4.840013371566011,0.11772551304871069,-0.19413035765243114,0.0,453.4473046303033,450.93986985747387,453.60772827441474,450.9191929899569
3.3000000000000025,2.9880140067622913,4.569719374990357,20.02931683261475,0.31917412846160964,5.935686089598162,0.0,3.873275160901781,4.664189467157708,4.906289280585934,0.1478673290408474,-0.20522659998794565,0.0,490.0366279112536,489.17655733804963,489.4454512807497,491.69738401802874
3.3600000000000025,3.22750978672383,4.855474565463714,20.32489204165809,0.3282913309921147,5.923452073880611,0.0,4.110585962955815,4.861150502508834,4.944388890738582,0.15907023543624021,-0.20137558872949246,0.0,484.6754686932101,484.92786820835505,484.9824305880461,485.8428603598725
3.4200000000000026,3.480194020253362,5.152072716124885,20.619433101202755,0.3374281267680921,5.911911720949885,0.0,4.3128661647431095,5.025723472122244,4.872556535943013,0.13310081350377806,-0.17861015569733357,0.0,451.23964107499677,453.0383024389016,452.8432713710853,450.7698235288017
3.4800000000000026,3.7447880628941057,5.458293794562115,20.90861122635269,0.3451157584214428,5.901077697471283,0.0,4.507507635236828,5.181815120436232,4.7659312083575704,0.1156560839662751,-0.18479318484157867,0.0,441.96750256249754,441.42565393782337,443.01999500454866,441.5977730122542
3.5400000000000027,4.022635156254127,5.77513185660334,21.19462774974203,0.3515868997376641,5.890147203432829,0.0,4.754506187220196,5.379330872367168,4.766333875712607,0.0838126224110492,-0.1774012065233367,0.0,480.25561969904226,480.786691980546,483.2438968426557,480.8456972264366
3.6000000000000028,4.314956499646981,6.103425421445222,21.47937950618324,0.35653925091524474,5.879654100843194,0.0,4.989959575647821,5.563550336603948,4.724137663437904,0.07986406825337106,-0.17028202114738158,0.0,470.38808942367075,470.91163376955933,470.1332492328954,469.83224400347814
3.660000000000003,4.620328226424028,6.441778205148326,21.75882159922275,0.3615953919208277,5.86921446399494,0.0,5.189594909767121,5.714790423637582,4.590021511420989,0.09187207140405858,-0.18268834424242084,0.0,441.14951519714333,440.0939614802274,439.4076188766157,440.40811265560995
3.720000000000003,4.9382858967624745,6.789595033177957,22.031164702684716,0.36727420784699216,5.858035507631254,0.0,5.409457164241538,5.878953635636802,4.487147478013197,0.09968418405591732,-0.19477608676092584,0.0,454.4569739507519,453.4536473715495,452.37338207350143,453.00959912904796
3.780000000000003,5.269501907041267,7.147208224059168,22.29708366240561,0.3729691822770427,5.846383443740017,0.0,5.631554926932077,6.0413219665145315,4.3758549106465825,0.0830953394668999,-0.19307693604994572,0.0,451.8900483570207,451.99093226097,453.95336498586187,452.62717933740475
3.840000000000003,5.612373779115073,7.513151261989631,22.552635988779063,0.3778628046687489,5.8355403013892975,0.0,5.798133123026815,6.156808031946129,4.1426072199460195,0.07830092760591477,-0.16338206780649625,0.0,406.5023268897328,409.119908184281,407.61148403869805,407.1886695504584
3.900000000000003,5.967720101790404,7.887838082422644,22.79875518462824,0.38214132299693127,5.825783692713227,0.0,6.046950866955018,6.332389074497378,4.060240869697779,0.0512236287728222,-0.16111131727933492,0.0,465.9296969576057,466.0834115397666,466.3601844251504,464.2431844612367
3.960000000000003,6.336261317232135,8.271636184572417,23.036383072373628,0.38521650815638075,5.816051511904792,0.0,6.238194716446553,6.460692497538843,3.8605518535313954,0.05131191393902778,-0.16447780498925954,0.0,423.08603411738096,422.76944780960184,424.39578860477275,424.4051824122345
4.020000000000002,6.715757736613733,8.662642690541569,23.260890566967777,0.38905294957517,5.806812680192682,0.0,6.412167993916725,6.57277554958535,3.6231600283261236,0.0815629461001834,-0.13859228089977965,0.0,407.56772697081476,409.85035992719133,407.1837177331721,409.8852363125305
4.080000000000001,7.1092624352071985,9.062918885759112,23.477394622081093,0.39370292498098003,5.798678762768482,0.0,6.704465769673665,6.769229024573687,3.5920699960746454,0.0677996974848902,-0.13011627795154265,0.0,486.0823645799816,486.7020527132507,488.9601215295721,487.9375170033689
4.14,7.517766272480215,9.473053238507656,23.68736081658084,0.39782914320313445,5.79130802773043,0.0,6.912496757418958,6.901717686824545,3.4065303104751807,0.0706431515889127,-0.11127514606179623,0.0,433.5416434645881,435.1081085763805,432.10346897498135,432.3469137120735
4.199999999999998,7.9401016889927885,9.892053605689558,23.888411915577215,0.40167800609802917,5.785363290521499,0.0,7.165164643642247,7.064570332226729,3.2943552048924385,0.04617545130894758,-0.08189545749068709,0.0,461.2600842224057,463.56673616138704,463.32709047961487,461.4014671537489
4.259999999999997,8.375700720271846,10.319411241198003,24.07945553569055,0.40413101367519566,5.7808127618966125,0.0,7.354889556551969,7.180529666429061,3.073978635350043,0.027349249460857216,-0.0658794424204768,0.0,420.4135065456401,421.7944890545064,422.81026922811185,421.1854772735422
4.319999999999996,8.825196792881464,10.755480256549347,24.261502990840345,0.4067213789416746,5.776412769981418,0.0,7.627817147632991,7.354508403212302,2.9934249459980853,0.06376358170184868,-0.09558063310311933,0.0,477.68662346430415,475.41138188435133,473.0505655197064,475.8480657753238
4.379999999999995,9.290355825154696,11.2014328597537,24.437509496241233,0.4102333978405488,5.770339049645889,0.0,7.8772135154575995,7.510135126875903,2.8727199493479882,0.045210445791991224,-0.11598217530853092,0.0,464.2673139853512,462.6545805066191,462.9394247756635,461.47889341937565
4.439999999999993,9.771460375178687,11.657353679631559,24.607797666800657,0.4124898597487938,5.763343857877727,0.0,8.159206905323101,7.686487112520445,2.80236028972809,0.01459632875438042,-0.11782230227515404,0.0,483.0047741699629,482.85494513235705,485.2326677741425,482.9286634240655
4.499999999999992,10.268246248892838,12.122886481194087,24.771784185930283,0.4133206140988479,5.7564262277383715,0.0,8.400168517516718,7.830629663111443,2.6633346405983533,0.012301204119795336,-0.11066789711546343,0.0,460.94607449682644,461.4999602485664,459.83681379303897,459.6547745051148
4.559999999999991,10.778224956040791,12.596090196266756,24.925395020658637,0.41432701171628317,5.74930459123512,0.0,8.59919181371285,7.942423028640837,2.4570858892904353,0.024480848018788852,-0.1439608133541983,0.0,435.9142340259064,433.1081220996849,435.0070660189373,436.02612981806385
4.6199999999999894,11.302312166177419,13.077375508209329,25.069943538497093,0.4157597718276582,5.740405357253755,0.0,8.870109896676896,8.099580332345386,2.3601204067259776,0.022648468350062404,-0.1588835870567421,0.0,478.77247920477276,477.616180096048,477.9899104858604,477.85021711928715
4.679999999999988,11.841274571492681,13.567031964839947,25.206448061359982,0.4175979706572237,5.73070072321601,0.0,9.095321462201046,8.221695804503842,2.189512708557064,0.04311877532973026,-0.1681756944346385,0.0,452.55476446053717,451.78139935805723,451.6647018196611,453.3135753134635
4.739999999999987,12.391805232136718,14.062618789453063,25.329729926846163,0.4201194451842776,5.720318674862106,0.0,9.256081687132294,8.297636379093186,1.9201593357723714,0.03974178341545859,-0.18512988403599925,0.0,413.17237339172607,411.64250145257654,412.48762817738043,412.19025689407204
4.799999999999986,12.952456198503251,14.562967059346805,25.437471953555544,0.42241937350242686,5.709230541391342,0.0,9.432596447567974,8.380282124620784,1.6712626797352013,0.035353077759206084,-0.184155824054136,0.0,421.5638380719573,421.6128971062072,419.96920598861027,419.58900086301327
4.859999999999984,13.526604789278425,15.069998687003054,25.534282357551053,0.42452704245723094,5.699090316630304,0.0,9.705398204172583,8.51989786144861,1.554566339763116,0.03467354168080759,-0.149020664214775,0.0,473.7684675462133,476.43682206652915,475.2683320318451,475.2166669815277
4.919999999999983,14.117520001128653,15.585526014335484,25.624507609287704,0.42642780213471987,5.690096673736164,0.0,9.99126432866382,8.663439412388577,1.4517194740739008,0.024895290504220107,-0.15169835837757795,0.0,483.8260149304201,483.6051658512236,483.5072791914779,482.77001684850785
4.979999999999982,14.72507542287912,16.109229595669014,25.707769496326716,0.4278058728195875,5.680747781169853,0.0,10.260167349404277,8.792475671724919,1.3226853554533415,0.01880420063557539,-0.16566032173719047,0.0,476.6193890923774,475.52928643481937,476.8200589804241,476.3543129759736
5.0399999999999805,15.347349243871442,16.63969394198085,25.781329499393507,0.429329181137005,5.670917591520178,0.0,10.482189175049424,8.889020241554267,1.1288748813013076,0.036071058450500494,-0.16042225715147532,0.0,452.0530142749751,452.4499985355196,452.4732322526021,453.8619000986789
